10032675
398510
12486901
59905809
9965740
276908
3605272
4282930
1820798
4746689
7441279
221648
585267
1565155
391679
32820037
16794231
5055
3032988
10462362
34858100
2019740
2374194
4537274
893053
30643878
732364
16772963
20990353
748709
32365949
8203920
18739124
5581898
2821930
2103351
28220117
23365215
14558631
35789774
19456751
381738
3766866
614735
6229277
928123
6272357
35836017
30625977
2284412
85318798
8840164
16307541
175631
6813499
1461498
24790535
113711
21453565
15773384
269558
378034
1939319
8047632
5957440
25416280
5676753
51705359
217809
7389578
8679425
283538
7789830
521444
10217261
2929048
1388774
639647
21620236
9097604
18030567
5734089
39304265
51703585
1467772
4856007
891124
12177425
28822227
11805472
2478652
34149649
35016280
20453142
6870383
1324413
21562856
10942427
8011552
6252671
5836119
6289720
3331521
609687
52139814
8287497
2460656
3392488
2689967
70666
8482768
24738601
6330633
8756320
25807917
30954515
13610514
4534176
3020100
12434430
8573306
6655892
13889378
2853209
3066511
392744
20975663
397508
63023562
29349549
38002736
36163881
935052
178278
686127
2019490
1828737
39865998
1662898
34270978
26366366
946090
1935882
20792923
3593539
9982481
39247212
94803
23995656
60058
30588461
2859372
77885214
6635814
23378372
79
4567721
10119428
20503549
34189415
26728635
2745073
1315023
381335
32685766
35671198
38740321
14781644
20798963
904827
43389575
7369403
14016058
8034163
31766424
9118621
28152409
14106476
21352752
307108
6164192
9136870
70093
607621
19750237
28870949
7458285
76344979
10753901
22722854
20706631
10949920
1525320
19859602
9175105
32786875
10277353
40382041
5986407
27534330
127623
90084863
66884740
4079592
17646811
12855005
10609836
449356
149592
43545173
608
16671656
19653
19418182
28438960
2970476
37642349
6022710
842454
9434004
916623
35754316
2735036
15404697
358606
5683205
3211302
325406
27669924
10330740
14292748
7584632
2815537
44524
8804462
3248691
21471064
30046793
1734087
25517937
87456568
427657
11284967
688969
17579881
7665873
19919
22653725
19177
34977510
40923334
8133021
9246858
2029306
41380005
74507
2099436
11456017
15810
4887796
17281528
11082854
22009424
11870568
762048
432230
27937261
2697177
88422753
724686
28751839
37162890
15080107
133934
74456930
50660116
719346
30110952
29737834
20462446
25954179
89847338
22693524
2058048
11080736
1792297
155616
40016500
36081646
7551356
16200113
7391373
17075276
2250815
8853065
2427790
95295911
4683149
7815300
26977764
14764672
2024816
79061224
16282662
13976502
32149858
2049530
8372353
5525736
96612229
37186611
10005407
110352985
25583336
5273634
1379249
6931231
6957804
14669551
4468444
18082384
17171755
11292325
2054100
1648768
53235655
26727224
2007314
2884277
38519593
159122
461632
19237368
901850
14273098
13224275
881546
120575
49494871
33522623
12721004
4648331
19328371
85608075
1327427
1351379
28712292
14328316
954077
40382740
23797294
10303206
29713377
9253035
172683
10710994
6927351
37016811
3068895
528476
4138198
6792899
450880
258352
5891050
136001
6544429
548824
6292059
7171281
33913124
28393820
680417
11452542
11159603
610729
573063
68412710
19017296
2649189
525197
4835752
64925986
39118966
826317
81249920
18472587
2812448
93066
43582057
215514
6881178
24725127
236260
26798384
32939261
2723662
718750
18854623
8196525
1367633
484703
36099076
269353
26283835
934969
23679403
11604507
18039550
284114
18503938
20227
488736
5632230
327740
14573972
2924165
1555343
43718195
3250055
67624055
17316752
580207
60639484
743286
2220968
11233223
18199039
43480172
17638509
62540916
396194
4029734
14498772
540649
11367305
1950746
15817819
8688933
2522486
25522709
26171513
13098786
4328224
2338033
40003700
2196632
10853960
6087825
3057450
26316820
44334605
1548024
4505501
5329176
533575
13026615
680447
5124649
25932209
16149492
19272988
4111791
14277227
452153
4427860
41123311
14105963
18698687
1950209
303946
4888022
6767445
17493982
16968953
592002
25520220
933978
18232
3022266
1343580
319291
5723502
10303637
22728867
32700319
13455867
10755028
647591
831287
24754667
4408371
17293251
72496892
8820267
39219149
10477097
4430342
328513
40091408
21627351
93876791
13668314
4931993
5726076
20467627
124416
10183080
17303314
6780212
13687995
4807127
7994065
213741
320064
12656402
14705933
61527399
37121765
19255217
18045348
2118654
15242988
1405597
1687102
34528925
24091560
197864
5121806
12608571
48033476
4396774
20423027
12511722
2981561
593871
18842010
3488202
655312
18096767
43070
45110783
2142762
3065998
131111
23534705
31605849
8934654
21474566
2304046
17014858
88461692
5513608
16758
585198
8780171
9198284
10823717
757102
21792949
8789316
7567590
6572446
67214916
18314213
22537489
40852672
16126303
896109
645465
7979698
30572093
7105
14013810
901072
21739466
30513318
6557897
32693432
7771992
6935052
8971986
18971385
4680086
14867529
6992672
23311683
2548989
3404595
16865310
34856535
840864
39101587
99761800
1604418
9874862
45229189
13208998
3410169
943293
41683
18977011
11167
95292003
40437368
1393666
25633552
3098477
12744798
31576554
2884981
9184855
28445494
537313
8112659
46537
2407009
13094014
88358
351773
118167
28408749
15120309
7145647
26110099
7825
15479997
17518116
341076
10342577
36300248
12564758
75491220
22275455
10901130
28929301
35348734
4685336
30538613
23714209
314216
10675785
17396293
6184853
3589472
101975526
1417
22500342
1110510
30650338
13846417
5382023
15312
1761033
2333958
12730885
2787081
935459
10488563
151066
2387340
28259096
37062284
17391815
1451401
649562
26079128
4907794
292598
25623387
20827413
7287761
65760366
20166755
9962297
17949918
92628687
26262275
1651508
30982907
7858371
317922
20889178
605473
13336014
14425129
25006545
16836724
5509691
5705968
6992350
26219085
1691347
11357018
25041245
2045689
827921
35661695
1600142
7489695
289960
18018
632887
12018
39614596
28361637
85835398
68565179
28832
2850224
6786221
14026855
763712
8218505
4211655
103835
8866941
12139077
28965086
24197415
4473201
1332697
4962263
133076
602496
24622055
32507603
7898917
3591966
99367836
5518056
7906959
1615425
1687728
28384127
3337783
143322
41545796
345784
358422
15770782
32660634
11417665
6991087
6882930
35897138
89025274
16554492
36228605
378354
200870
22198998
8480853
31104682
1917072
37706460
35858956
3432943
207112
11025317
545629
8980231
33066045
96130398
53614060
4104965
34151903
3992158
579538
8136113
28285245
210291
6432522
8070494
8903246
784417
1990426
35360613
20084211
13598625
207218
14147173
31814567
57896316
10266242
4074726
31974736
11491546
2115732
14514994
19286458
26291614
4097912
1679146
3150316
6302178
20047497
24439
4237359
22344481
35700674
2993504
15995935
458203
44345604
1424095
15590903
228147
6767392
13172542
4564056
72806757
2531929
98627270
11945874
1347989
12153568
85566043
296171
245050
7798187
11808257
36080436
8384262
25619409
7617969
8537874
1782572
5669526
891657
4009991
1337291
3064040
90089746
14567157
6087498
108155401
7875551
25889020
3301199
2435227
2328190
11247777
14007635
19842052
91871469
30973654
9256927
317866
11722013
8306273
4568410
8123354
4868271
1394948
24189693
5562516
13842863
49256323
50671462
28854290
15201286
4612929
7668570
27933031
65824248
32050054
33095646
734221
3201842
16
935899
32051113
71106
25910292
5656839
674913
20550507
4155009
2618427
4123995
2385744
337219
1289345
95816212
13667152
1742626
12159205
12333557
1846928
1879254
12803325
24478119
465028
20298844
10949947
13357338
34467428
7731219
475514
28152637
30126506
3666846
1540765
926677
12735613
16773
7141185
656618
11076441
35756531
387197
10245319
11454634
1541805
35813337
2781932
754413
2854436
13340178
11164567
36214150
9430525
13342626
90198636
8758883
26306107
10498826
77028564
761403
47952
32606879
143172
10155853
13179209
39372672
2720641
7433611
27821216
1315101
27943133
31109437
1431604
24503747
4448800
2642801
4625073
179754
1743653
406868
23219
2655668
9634485
35464374
10630258
4835329
6161559
14875420
4087288
31682349
28824904
16657147
8896482
3945086
13488440
5609984
8321014
7889894
19800632
19448616
22309605
1735047
8969156
13961139
5613798
33176264
3890489
733995
11551517
32878287
2680970
51205157
62416783
649815
2664345
21394899
35145520
8730238
4335681
2554356
450171
48928
29254873
3353533
4339841
11432262
9737238
654839
5837439
1574650
85486475
10286353
8933328
250890
11478732
277258
6675622
2401939
28386897
8070827
190058
2378703
189983
9010547
76028642
447064
4989822
50260708
2162
32726554
34921430
13899470
1433840
183549
11079081
6730213
14724034
4593023
17561219
2583747
1523132
50879026
15700200
54992199
37839963
3002503
98205227
15528215
4286388
34460072
12909178
7149185
33433147
423499
2978046
37371250
3342143
36693380
14546601
16759140
948738
49184001
350552
5433514
882467
40352193
5965305
36003493
77513005
10867749
6084973
12508840
2825112
12204171
19291151
28947512
1965656
8355296
4147857
20704017
50859970
71203142
1307105
2949345
11148355
25366165
207087
386358
19705503
21055520
1293980
2832162
22191019
175404
5943503
18883557
1936132
55405777
8245189
20600263
27573380
44648324
23996989
941422
61055477
8421101
1944046
15814098
6563252
4820523
34264408
569919
20056840
97309634
2679985
29939461
10781453
7611378
1492811
15551906
23693515
27171942
15493624
5603616
6717158
40823
186263
3787331
35461776
8893909
17302311
92578520
848008
3985170
21416270
1974990
8751519
3347851
1732750
92932756
6121446
1329086
2342610
1966885
41544523
4543111
16717042
35024126
14681
3206422
652248
836738
1320347
10494038
15550837
8067935
53127457
6574487
72632385
313485
7248706
270926
323856
8537538
553536
12788607
1433861
6383474
93565907
184568
12730937
434311
88614
610624
2034344
32795598
2413972
433715
31700507
11542325
57875181
47799528
34544714
22025350
10737706
4967136
18460883
2616957
16804565
534128
237875
28140200
690883
2733939
20067185
3972587
32771075
34791287
11115509
528439
3075365
6298585
4716853
17170487
8319327
16775905
24085822
63309121
1932955
3400459
26376587
792891
30438496
12209153
17138783
391445
1676526
20026343
95407275
94065
5129007
20033901
62297407
4857533
34613697
92825025
40917241
679814
581286
6730838
4350178
15792948
519437
732918
14635071
7176839
1394716
24228385
13222208
14119526
28025796
26709183
2996640
8865542
6473077
14054696
12813518
52036
104611611
17017165
14484094
7124327
2851363
69220329
11774213
9320655
8268256
2126062
7735293
8188636
608305
8045819
16245477
1338591
4067608
1557783
826103
29308711
9068559
14079304
125417
1348889
49922172
12931588
658969
9395920
630194
3250057
53573571
22965
6459977
47512091
50670590
96156
179628
186935
31041614
270819
88547288
7253767
16125065
84467414
56605871
3442936
4505843
2840677
30992
4869622
99040761
9660265
4635228
504706
829863
6759191
29239430
277529
2345169
33544461
1484690
92628325
98680740
3201874
15123078
19291596
134400
20186835
1523194
5750337
458951
8126808
1481279
232014
65128
157846
526752
29268794
2011236
7138487
66904958
7120368
12702421
533392
19999125
65880958
11557682
329932
4987023
6717961
2138296
198264
10639855
31816005
21731134
5447082
7410665
16902788
25958277
12162021
2888000
3286023
86590071
17250450
9454533
23241370
40443027
25912175
1536332
7037149
66578078
119483
9008159
112359
2121525
4708139
6766530
30760675
7872
57825916
19696996
7904126
88770538
7055108
29400457
2799412
90052018
11329000
11081394
642663
7215864
1336301
70787876
13157959
4620272
7719925
47939146
13374324
35509225
28489981
3860247
4698952
596996
10629809
26987075
925640
5919574
7151935
68581969
7956629
8739849
10817900
921437
11652345
9316002
8343391
9084149
593708
47291
3632990
3250992
7435999
9104871
1983282
19674483
4477319
437309
52806762
29068664
5902403
137173
28745290
103827122
422862
75508880
19753455
12582911
49780279
4634182
92916
16777299
92193094
16306451
14364573
829424
6594504
36018724
3111689
24691263
2006034
279599
33024026
16467855
277894
8580108
4610389
424141
5693987
2397867
33368730
768041
8667680
97518941
8662457
28761948
30129827
44218
26055477
8155759
18409580
6654043
1580216
25168036
521122
19003306
90563256
2058117
25920399
14768888
5009182
81432395
53132556
427559
3438091
25241343
28822840
11253297
11146838
11560780
4859408
15867383
31286929
165966
41190
40276574
76654863
5155804
10123561
41096857
10401635
3341008
364776
649861
567042
279583
10878474
12177926
31328373
2455803
1359172
33785965
561332
12285344
29733549
98205115
8564761
17660494
205721
1478650
273898
53251507
52071450
5681
18707120
32139438
1968633
290624
7881245
30915953
7551789
25994534
1381718
1319459
3098214
10244049
10938501
34250
113524
312907
14286232
1415808
4583258
33248151
19613234
5595431
3812425
12757659
8004440
54906711
8063275
4020142
19593097
1435819
1913903
23172506
10947209
6248648
7937899
4841931
15547575
16360599
36410844
4840423
330676
18772368
2677640
10154407
623754
206797
2171907
10759951
8016994
19262351
17373244
10794280
29313478
9065512
16395179
298980
238289
3071040
10285180
36352
27479646
284295
23668403
618340
40364283
120248
7699899
111362
174168
663934
4353437
95515699
28454426
15732594
508936
37485910
32533840
9018813
97007164
20386202
8438124
73527466
24967321
2512588
24958132
26186527
8767321
8202568
17227681
2839456
8560043
6782238
3683575
38609981
77942499
6343448
67101173
28025589
2949381
16918352
1886582
2770522
6557546
72524037
38640798
172323
5423735
32291424
29463112
947124
34548533
27683422
7265725
34407458
7417591
3855298
6651484
2373598
12761498
4957245
29418340
5816102
12807989
49648241
22010505
469211
7775447
68559
310726
12320731
387984
20729460
1279126
19684957
9149235
917612
30051870
2949978
22703468
126548
8282210
34262967
13858429
18002164
52074480
34286963
94027415
13554842
28200189
18533923
7606047
12752385
63240
3573633
20206490
8593118
5103072
530005
5664057
11079907
7088162
73474901
18154530
1936317
31454897
14354226
49051773
4871274
21185671
15202398
3221694
1689623
97589580
89335812
5980723
18607406
43497655
95331623
4868500
4981852
2726215
1963756
10066775
446777
22613092
28000632
8511003
9897223
6383150
88215584
4549624
4145528
570735
7161126
15061788
1543606
1275277
7501873
25513597
103819566
19669420
3079157
1677445
631917
7158847
491359
82155607
23814335
176725
7742007
894875
9161072
28066804
66596408
15840422
6348263
8522753
290493
582184
915302
18790721
13969717
8111960
25812538
911508
17381659
1799820
2952069
12550858
11940302
25144758
7879750
23400436
40389553
165918
2980086
9541591
57693098
49110594
24617001
5970160
5462540
18929352
26597
88216633
67907025
8272
13895395
7698963
8465957
12898510
79251935
3327124
294227
11059573
898248
69251229
14972
381299
1375214
7996780
1810147
27919953
31895112
3294808
34868424
21424235
272687
32206279
12877337
10217453
1344350
843775
12118703
25047908
11668159
29297928
9593454
33149680
37988253
870036
169285
1397229
1845070
6977309
3462389
103361
7014232
43524558
3924414
22784440
10698
33416831
8703813
5538123
434686
358015
92342953
9433557
39156281
8776296
20909246
32438360
13153004
13574448
2704048
13450561
143422
35533834
40337367
1614447
6472663
4224362
58393802
33600515
36391720
12781083
3134454
14319340
9464562
9831791
10316904
6753073
70432
1289560
25529370
23192243
19814566
20709394
429519
12303456
2152942
624748
7858194
9643332
750873
31653614
237992
27421765
33079699
21953848
20124052
3914192
27251508
31144089
7996386
10981365
39865749
4435541
4323865
2440627
23941291
379803
1502459
67060350
8897640
8093531
1765272
4886112
12826520
52363031
26359886
16061199
35954308
25567714
33588706
222816
3354223
44076852
25498927
343016
210232
3262462
97335574
44629552
25036317
861274
2818418
2835818
4920022
7640540
11133002
7015770
3442582
26964722
12406256
24129180
6788215
1648968
17125638
14769838
53232444
9564119
17320291
6033573
322085
1988282
25774532
1659415
43619795
13267550
33437184
10820513
18371651
3681915
4952737
12781556
3387526
13395167
2489341
10942591
25902379
5886842
18416545
107414815
13889586
56613
29876148
5279611
23650471
751689
89916351
43990952
691975
7052267
29394767
26006453
10443680
108183861
72826
2905683
8761040
1659994
31956310
58479743
13809839
21456611
43646124
215210
51149308
13038837
20937701
3827930
95951407
97471052
555783
21871220
1928502
65579802
8045823
36810628
10353595
16847437
2363538
1114947
645719
36977848
5058270
20622991
15257693
8124185
3487048
20205962
1745003
13184628
6535103
21463717
8874755
52236508
745494
31576459
11265345
1606982
7487426
7295872
3294728
920552
40534118
21715681
4091742
1585202
5943581
13490
26128695
5220700
2677472
21831279
25239997
860464
16734468
8915872
271126
65654171
8226817
8653725
2193317
57861332
10581055
6421869
929884
22801107
4479764
44134048
108425972
12625192
57703590
911668
909376
2803670
14304293
9303827
2272909
38027905
369014
907485
7154674
5771514
10378506
1471402
265950
198017
13478707
32506073
16576379
91252891
32576862
1852217
15377162
2712662
445241
4718310
13066269
1497938
8041090
3251795
14300993
12514
29117990
730510
37144691
21128
30428565
8412118
2590720
23340150
28424744
4090433
10888526
95205039
4538335
31021621
5438532
37806698
1329643
35557068
10579668
38008594
24381
2354681
1803217
18266102
3395031
3720679
194942
97087
15474046
44156258
10783320
3052387
4287624
9871196
1357821
14643328
43647805
2958526
5664059
8085999
5637056
95640675
3622900
2629954
2006255
10134084
27854016
936164
7497854
25775194
56405243
18463669
21977574
19485437
323534
803754
5897819
2263616
29292148
6252198
13602118
45447192
7775438
5471972
8406541
11540556
14033971
33792379
102885422
7851523
20791470
490892
67803
21918187
18164783
764489
4584484
35431303
86851335
7835136
3936927
423873
8262437
13064192
7392261
43837937
444546
2734646
2862812
4345145
7753923
2100825
3316058
1651019
2372191
3595160
4161544
19293075
2808288
13826185
35556059
11807142
294897
8980515
548076
98330484
8737261
1791122
12917193
7246868
207411
16189923
66444844
1555738
3471379
17301696
40746510
86796
1371353
55839530
32720071
96796255
28193678
2272285
22063093
70413753
35365327
2170215
11997788
32304376
28948164
18948462
42873394
20336449
423436
932282
32426294
14039430
19342056
19656874
2552709
2534232
88638015
277239
3833622
32989297
315974
10270210
21552039
7286229
1866888
4416347
12662109
2183168
13030730
9618510
18104053
17075764
1469225
76697964
59359
33683379
639246
45041379
23668379
20701223
55354986
1745392
17433469
9024697
39317857
4891868
14111746
1445657
15861601
55405922
2858558
32080205
5007752
2264682
2415646
7787272
10360784
6332228
24425013
18754705
3761745
10560371
6810689
74958144
8258025
9958436
2535816
20804689
427432
3026194
3205876
2507883
3815406
2968132
2284145
445840
12525592
1923454
1586105
89579446
1493437
8012922
9027540
6402029
8787850
6222493
6724283
14059022
7558565
98316571
26645221
20790547
11775911
2746089
2158370
14326351
1455983
27325497
190941
5805936
1895937
143198
2222334
26203062
5834417
10934399
29153009
7786114
8408994
55858398
645446
35253681
23047431
8168305
1787429
4396026
8715715
14614213
489636
94834254
30977102
23673873
8623376
13169924
70461610
102552836
13507982
3218476
4578646
7735674
2290274
2953365
684124
621614
3925260
7328103
28622133
23545946
6014992
57863910
133310
15596926
2488966
28131902
53099193
2252965
2569436
27548339
28738201
8903058
24867538
1835539
1468308
8110401
8945190
462686
1683066
5612629
26420656
18760364
66461
22334875
359136
10357345
6162696
25466004
12703435
22503041
17756313
1826911
12657366
7072164
6539019
14623000
4294041
28518685
10803371
77286716
44515046
95234471
10432568
265601
2116646
8024313
32985427
52465
294708
6275784
17019267
4634930
19618060
22443018
20760179
10294065
6996576
521796
93210761
9605325
1304590
515993
14496617
11675877
32622541
39449539
23003460
38465880
36066892
768712
7823801
14145809
4343616
85399929
67618650
210889
41593
16738791
36127415
4916500
6384072
22260640
10920084
26489029
6553216
4962647
17596385
6754344
2151667
14364150
32624076
1308782
7811134
13564630
829381
18181694
8459553
742536
58685360
7196366
5624501
827817
25678461
8687742
28735050
2621815
61213430
10835521
15688540
37684271
5938182
1836395
5218856
120286
21150634
39988463
52651671
39014978
10255814
2665020
45776069
3972505
5698628
94142155
35903290
20779567
28267862
6025522
1308378
513692
69796011
9227220
24639592
642776
85913534
1865110
72287
108753038
576608
7002056
12531330
14932150
700875
7644915
15331728
63036728
18044543
13830834
20543785
125406
549672
6362499
9514638
31613452
18250178
26312775
10647311
267357
21637986
6859515
7198196
20157134
6134478
22293076
14083351
653096
26362728
17789587
43617662
14479703
37976886
16222561
580905
3744803
10849254
8268522
17248260
19972297
2311723
4530684
5632
14773405
7428057
9651079
30045620
20391398
2638774
21065776
2975695
142774
4976111
9009698
1338449
16236410
294008
23238240
11049060
29665992
334316
1558797
24455781
550710
107255471
29307160
37538071
25195981
1111474
434039
8898641
4162238
28791475
3226226
3422744
98493999
18414475
40277880
130814
259644
14535917
26919088
4640086
6736655
8875374
28514502
44781041
44170758
13566032
24275198
4818952
269947
32423207
36223844
2457815
1605922
39168913
30442955
652244
23135777
8250115
357758
7370104
10699493
35202925
31546510
11782358
35550580
8319491
7907441
2637632
24832070
10066055
14876962
15682195
19367364
4924526
5297393
11828871
21020291
14516107
20462231
30576591
3527182
2797845
13887421
31023226
26017449
28869632
32207481
24395399
4499513
1993181
13555998
20124064
107685288
2967081
3790402
59948
21342687
111254
3610287
902574
4091509
13364506
2100238
13187090
3623851
1355481
3756300
375972
82640453
26928579
1306088
257960
1960826
63923391
6339056
38513781
53539968
12893504
8404649
2251128
11570930
13601343
4156272
74895805
67823383
14680135
4207572
24535677
4105793
426615
22096378
29721531
15194284
7162532
39780
397435
12366494
6044429
46433491
26320663
207893
699501
193441
28775191
36796587
2851020
33723888
81490251
25963167
97187748
4054113
808341
7125234
10942858
22468115
17124708
14749814
23094542
7426834
5646546
28910825
8004489
24053413
10390435
1962523
14333178
8038665
10875407
2287273
4135507
5522117
11783021
14816177
7911402
17983327
4056656
16979033
1786320
423615
8980470
490304
24864027
2013462
28937528
4374993
6883491
12744848
6877171
19742879
1959751
30642469
897681
4980009
2273150
50062923
2388153
6499210
10840068
219909
12089382
523057
8981370
2011106
73937
32794917
1814299
1859646
145047
17894575
7581626
18272968
878727
19059504
37082269
4277066
6820751
9318681
18913235
2545136
6385499
16623356
52636055
6798251
14478555
103083
667945
4840402
81666
5861153
2230210
3285536
32876828
56543113
94889827
2837536
1662944
102655453
10948357
13155313
6931797
2025954
75114710
14508686
8547948
4510326
13363263
73619373
3269451
774764
8869606
2083656
35289501
1500162
11166585
53593828
5548363
29001540
3947820
3588926
67632981
917741
34816995
9052330
7284644
23017118
2765753
97567555
25167049
16599363
435676
1865187
6672592
7902751
837206
7200836
32555848
3022403
11516208
17102974
194128
68472772
1691010
2465483
26114273
56739625
366414
2511920
3241451
1858061
9222428
3068040
3048338
12562496
94492642
11712788
4688633
6832289
7549087
21413566
3217449
107959
32637673
26333810
320355
108882382
50887334
585019
7151101
5041172
12583503
33141572
2382132
3268259
35034774
8778311
27319154
5225108
38911957
4298783
3620994
15338485
2731733
11882405
16777003
86667613
31554359
2977526
2804493
14472391
503908
82581278
4663125
370561
7588247
6253212
4364083
6719082
22769788
12725014
685730
13373
646415
8324123
3292979
27871
60235755
133740
4360893
10178775
12621483
16789107
26005486
88590
364598
15108406
5658683
9170987
1520136
4265830
22445761
59111886
2198423
1386850
6271191
96480046
523601
61709
89633
12278041
7645235
8265572
33607918
12140808
28707864
1306267
12058829
21391624
10707916
7452213
493614
12182402
13828790
730104
2273196
27566494
818331
3299909
8885954
34248402
9912447
19963364
2285420
14262301
92936077
27324482
92407888
210896
11068792
339684
4428412
3959177
17902045
10094239
11956082
14918169
12189894
58612
1786034
2540596
1617171
99698179
92817855
3643389
8364515
37717344
18055509
17787996
89033017
7125767
7317311
26069087
30338828
6679111
94207449
2268526
24234685
20249201
2135575
43106506
2542453
13350411
5915058
8560721
465432
74683895
4397552
7300690
1824244
669435
13534178
6829045
3904677
1510657
96835
3923048
9405678
102414403
27891505
4003393
4474442
26928647
38605294
19559335
21275077
10507895
741070
191994
184753
737647
2154011
1276376
10523858
39588922
8233947
280668
34740685
12910174
13946390
12401873
10882427
32513650
338369
18782061
19058381
20614831
6763206
44164019
2241477
20124137
7949791
35994
1767533
2385205
15666053
5874564
577059
8424036
4747841
90360158
3884790
3588929
2047267
13286067
5069254
225768
2523392
8651988
15430339
2818839
39754443
83496539
10666825
4932893
1834331
15200363
609461
13879922
954710
10791032
3445719
60614881
5192224
27142005
95417
8758979
28270637
4931262
57954807
3800863
436996
36051252
39425760
27086011
342624
23716783
15182858
42996229
69753
17380425
7858236
29292363
4443487
58752
3322858
291760
537978
8041260
5239343
50381644
323110
12985912
22789028
23291787
6572666
6300391
28164272
7813179
600293
1350423
21927931
22223
452279
11495122
1744406
39985876
2116692
91736147
1743
9361197
77279
1373339
3884403
22481834
4668969
39701886
13909256
20124170
525787
14868492
74598876
29169716
16911941
99191370
26815648
1734250
23769853
502682
2349021
53233119
3761356
1943479
10292373
3935581
119180
3940820
2651138
39287353
4923748
12760124
98847484
359442
12984163
22231944
31025716
10831646
10671935
69221252
1879635
2550998
733430
11881347
11459317
9744934
94200301
23273523
1679767
1920902
1334928
581847
10242258
3203733
4486309
12236352
3843977
236920
679050
1755576
7396173
802991
6791622
784291
108781476
20865685
71612579
843
35035415
22804562
7025513
740646
31861693
2283647
23368254
3604601
8242415
2379665
756372
4951056
2412557
3428794
6800673
12358355
17997708
2513994
5670108
11383074
19429667
8122178
7479653
2990645
446012
32974622
34265323
3523860
7217607
34279833
4230034
396212
4015422
810974
27467979
8148276
1487732
53407072
1776602
3944486
681189
897486
13358446
3506
131621
2637353
11076971
94803527
10881769
35874471
1527892
35680
9245122
58238
5752429
9496448
13311376
628875
17864912
12040975
3028851
2038135
2909175
290275
322341
457979
10682218
21408427
26065349
60783
33168595
23172676
3815334
8336554
1330337
162548
71863951
32329424
21123508
15114235
3231408
437855
1397020
28577535
15466538
22231276
3127720
73451626
15371308
29997630
376252
10093080
28712266
31656484
28579575
439820
12977672
4467654
71220234
3216393
2371445
4922700
3444523
35750927
473331
3025274
2980190
32368645
22219853
19330056
11277690
2794003
93820508
66095681
4708644
11929978
114866
918127
18622528
5797171
12174007
20100227
8023175
571989
38520275
8985360
82883139
8710135
499660
1834019
28421501
66031413
44701697
3121443
35891336
106426705
2634
2175008
11838986
3601939
10419579
52523998
14428908
2348631
9998087
1925647
2987921
24520
95506706
36776364
4075942
88943357
102738630
866934
223116
37045055
39620714
3430151
5305427
2840216
14873023
4218442
16166400
25083021
14764413
35897
13501
6679593
3433092
7417
7367033
476505
3640722
49994775
29571846
107156509
7623483
4191368
614753
104187435
14235111
266136
40169217
1352000
16988
9442371
23643135
24361284
2338085
1737504
4618636
19750617
28453
235762
31326453
3072662
4919720
17789564
4808709
17211616
84492297
13064303
39186759
13275003
61123430
912928
240163
25480353
66074770
637653
15515015
49443
2305185
53432014
24812187
8423053
624931
22405862
13296829
14100685
410352
32684599
13539043
500818
31849674
37074618
11922223
6032440
10618708
18331311
25004353
1713213
641525
104469547
1423026
63999155
22900086
35511936
11476615
2239202
8394633
10923790
35727202
5510267
2291413
115258
543198
3609148
7350419
4370083
20589797
14959260
936105
9067671
94513136
3381645
8765290
2756149
517350
27494775
1922516
8988313
7867133
216918
5177408
4383695
19187805
2419143
16220660
2986523
1610099
26361700
1875402
12225308
15215739
101976587
2852209
12315678
648075
4205911
3963429
4368617
11428785
1905878
2901682
8858468
8740902
1273021
64499504
76158
4754827
356004
91378179
92973341
16649057
104207471
4783266
13891643
34231165
27940681
19661566
31559918
798791
842595
128907055
220505
60934283
12006948
50684344
1846869
5995479
50335709
123938419
3276236
2311480
9282956
86644929
3694758
103316715
121281480
198297
25872247
2776900
90786722
8233456
16673565
8665231
21981311
20254452
97500329
3453410
124506289
32032818
75940666
2026114
56065480
38688835
556345
20823871
6811181
22603735
102901984
20918586
29306713
3134584
101575318
64879553
1311124
109642223
105557863
2444579
46044801
3062330
26733255
44057529
1791101
94894724
10818038
98691601
94360081
25009001
1795246
106867795
6646006
26086564
99371939
50575051
32544202
5858320
73222627
32871006
16484085
18644935
71565747
103073257
129907540
9193519
49668447
3760773
50519049
108056870
17546432
33824027
125472172
28242528
50063223
98206567
17581378
109633571
36157723
90798344
95485010
16484
4389964
39370773
10832921
50899295
128433138
13047125
23957842
20273177
15210666
106092654
946537
28727293
108790983
66034118
79837807
95941090
103287116
107142128
10220092
5582231
22407893
12200154
84130356
82600086
65410812
71940941
60259602
10645797
3645026
68387084
17348909
28692766
36431072
60561574
56779119
8726152
2020598
2418560
103753399
40364855
104620811
38682977
10782287
20312066
90596242
7152035
18575251
90183256
17878105
96953274
4436333
50656188
15403799
4753512
21905867
95128974
124522366
3075641
64484866
73292861
1564817
2803015
95110252
2117788
2781065
1504756
17861123
97473403
4200485
8051979
6076994
8548425
12601217
95419511
5945849
19877871
11156540
104506253
25610593
11065433
14836542
25457141
6961220
93818959
2025332
20085443
94751587
26939204
11437290
7880542
650420
26914332
125308417
11701135
48059057
80881857
10788175
110835460
40580057
36995568
12358651
13316115
97241763
60624795
34798375
22114707
28653026
8326154
35853609
38046279
8835937
53112240
39752925
58806186
83438599
1320966
38618376
9125849
92490157
11950694
121409569
34804756
77459363
4576354
64104441
32406491
34773513
1286771
5104333
17485343
115126480
8778575
97340936
1629017
14237284
102176172
95399002
13238379
28214478
15685566
11316861
10033913
288091
125833130
95289757
6656044
8295295
19463352
77227469
362547
28028663
38896295
117338802
38597412
16915281
97503781
9420303
25911961
510719
5211573
475250
23080591
2316998
87475828
31325254
329047
48417279
57700571
90230354
25000899
33907277
32672710
3526413
5976389
67172607
750498
86509909
12261148
9309002
16287253
107499824
16813653
2852631
16187761
20804983
10135405
89305756
28854937
66850605
10133382
461636
5060428
26365523
6738172
19444164
37269
11011013
41417787
57407089
52855127
129339108
19380926
39720021
1684934
28597349
38231319
2857428
14854209
54264888
22459635
13245771
50298917
37897221
2992496
6688254
2750049
13239781
1740574
266023
31163745
24340884
7995767
9369412
8322726
98573631
17526460
326702
38493155
15350029
6429226
3245326
21258202
582901
10510959
2794527
32769577
7065631
20124118
16499207
4155556
15843227
102992408
19553447
27405059
10942825
16758145
11678049
3239145
64557295
14436714
75148842
18185891
19383722
66434938
13924500
11514700
20199083
46128848
6454285
2753685
34793730
53274596
7965293
7838608
32954852
41276736
12183750
9389617
27517969
49886132
26742378
38089785
12603737
34916053
16893371
66902629
10427438
39905876
65771188
19810100
15735926
27939446
88573087
14264313
117055122
92106599
5994810
35143476
1883288
22128955
2007589
20435872
24231614
27236793
38106038
3887806
36258421
94936170
19000640
56900576
51255799
4010361
113362335
9836469
17330953
25977104
98697968
1760676
92699329
5326066
7103322
99370315
13903420
130907709
50457779
27375326
44637000
20497283
67130969
50252527
38919717
82385070
38385543
65793217
96852523
11022253
24821533
18008546
46622315
94186496
3580900
12896390
77656961
10957484
11904542
134367252
11729449
49960899
98965051
26884304
14911441
45878517
75002668
103217080
97101165
8129963
8751504
111402811
2217069
37903520
2435685
94351240
27467700
596225
37521492
56274025
23116994
6506377
14666491
117746902
46441074
5166506
38658207
81978036
9013674
19052140
94358318
1863607
72528
4047776
11997177
13518691
1346270
10479664
31605472
3267807
5229137
8987251
11147438
4838750
31627642
7161352
10282570
32425162
31383187
33146722
85330682
70833896
909279
10798662
1754707
19022637
1872306
16837679
105287870
34333119
22286557
25439978
29335982
1960460
150645682
12348284
2304660
5089070
8839
7806981
30137702
102565129
20291891
67632218
59550906
6026987
783121
75957867
32147209
32697319
35072822
22144033
14857283
26240618
51665468
12996473
131506073
18082025
3498488
153403283
34871767
23530036
917545
19577966
14215666
66435437
110049332
28264509
89070916
10911088
28273597
138262491
29214555
19254857
70805808
7872446
17416424
14455403
21023385
8342490
20607388
897934
37176264
5814221
77024433
96231202
95296792
1347214
10592684
102984190
12691609
18817254
25282560
4890122
44456504
128391142
14773915
40032662
55723103
40547605
52853477
90452309
9986380
17477832
39856463
29763713
15064868
97300460
689904
10259422
109377438
17040881
61798
15634833
4463413
99189674
20988796
4160775
5919675
145679670
20880968
35096806
2440740
13812002
18251819
43740666
25795310
106855357
101692906
49960937
2153157
50702645
108578987
110910108
123219568
5274124
103496542
21377596
11936861
80304
19430480
1550227
8121223
48682661
123909121
17685111
130725721
30895599
97351754
22309487
83824802
111220410
4038416
9833539
4604408
11733609
51014616
18578203
66392004
8606232
17642111
27643917
28289551
14857588
78023
107617106
105640559
21918232
109198520
125776535
99342896
27821777
21805725
21778636
5688905
9205125
10355410
9195994
24380557
141298817
95209550
1802018
39446564
10149293
38297995
110165884
22516728
71592776
442229
49263466
33365502
12827277
44219376
11060901
98610101
47993525
2999376
30092983
20560994
15293588
27865968
123448
16714629
40589300
89285249
4744353
3571640
8710889
92814284
99406611
16018969
19221129
73779844
10948471
100016342
3822341
14527421
112227231
6552837
17134016
99556424
2766832
805755
5089926
52133363
148036307
11043166
2070711
36010506
18153847
66055544
15954124
415809
142227951
33075498
10673533
26789171
31972047
46669041
143690443
163119064
13135176
11245463
1598847
94114029
7080825
111204749
25623787
12577154
12308062
10342851
24598551
14658552
12057926
86335477
22638300
25587862
75993976
101540288
156916605
33222549
617285
8258003
8539254
757592
71575910
10908298
107597407
72956117
24180749
742365
9321359
14666251
53162498
33792797
618178
121136
164139557
104619640
1921843
7739146
6504320
99798496
92346382
32472953
34182995
5536232
111903165
17424529
769743
6959349
2723422
95205743
19599549
108532523
82483195
32128068
12575583
138744609
39990344
3239435
35777575
19611979
11989717
7690509
148778467
19276392
36452243
222631
2192108
20124206
22481694
26505569
8522986
63230493
949226
75360497
56709800
40291327
25930459
11221282
644918
11342605
145946928
524703
3432346
101653131
27091457
1535209
1831332
26959706
10411008
20394398
17236262
97511525
97693791
36042149
40359871
25205096
65725827
9247173
34085190
2777486
94019271
112830357
9445487
92074548
7670239
4203001
54863622
2395115
32558286
18020792
8141454
32489046
166335505
117343966
612904
3321000
32754699
12795859
96083069
40671543
108533150
30418025
112341531
15460461
48095842
51769491
65052550
116618602
96214138
28477658
8660314
11951395
51594510
2730948
196053
19352591
8684591
20124093
11414381
98132983
12632355
94186
95131912
108710327
697828
107637924
67090174
38756877
148932623
166257562
34231583
5030600
86911803
98723601
