433351
415744
227933
33696
9617619
264731
5846388
6645687
2583904
685639
389088
570395
2769855
7903163
1293653
2699069
43536
419220
445931
375375
7065799
372418
2170934
244842
602604
2378908
888015
1492
1556033
228342
586032
171403
6893484
10414152
15553263
13686964
87824
2188438
1438811
437038
322892
5836554
301940
62327
2686630
2443484
1746341
512480
1593666
374377
387549
673816
2168220
2798449
2704896
684169
10957838
295723
8124053
11443730
282994
180022
268104
5927861
4533917
2043028
1605721
486183
346059
14659392
196273
11485536
25753
1277462
3334179
6192079
17570499
308611
1590791
16582264
2000621
2123683
14837663
1590370
62093
777964
1998535
5175934
1536348
11572325
138142
348318
159
1334711
2663296
342241
334226
1808360
232150
1636736
2598577
198439
2255740
862300
137952
5317424
1951038
318904
8525299
10769652
1354769
5626004
3117538
926692
10141438
307334
11515620
13173681
9292170
730732
12994
2104725
10676738
11354568
107376
11137241
885813
21666
213558
1560058
8249209
20646254
1904878
470465
1382927
386425
2100679
253752
385474
628178
2487140
17903366
250271
875889
12096025
940176
17896153
17560882
19548528
1318575
639050
22227
2239310
461637
4442718
7479948
1605232
11156131
314842
27368
11267281
109
2393118
4493093
2315555
1294742
1657102
3363081
106514
659965
317939
2832224
4188640
351007
1348074
217884
14081625
3097441
2569456
287850
348785
319702
12444306
1894748
100691
3590414
3209388
562197
201434
1367726
1322106
21035960
409674
638185
4451162
1740850
216025
21330948
11843812
11692350
18328624
1627779
3043814
2989690
2539073
7103073
8881297
516932
12304806
15763293
8475916
6881318
22989278
22540416
17715586
170534
525024
7349735
545084
6634751
636723
9211635
451076
7178839
464276
3619550
58664
19645756
8330787
63575
807661
4825922
884172
10654818
2598684
10751960
1885078
6857104
246511
2974457
20771487
634131
24319281
4162578
6917266
13059345
540217
21833522
6721450
1767542
139905
10760274
16443817
17372505
10203515
670530
13046
195041
24323
25408650
8467385
6483081
836614
1269948
779665
4479943
378753
7349
2206456
652315
11073
14735187
19942518
13671354
2595597
211959
833133
2982808
185205
310941
26935959
6799268
3460280
6472422
7377735
2752388
373240
9447532
728052
2450203
845300
1453535
275981
352577
8861585
334299
26669485
15989779
277694
9085878
17287714
25047466
193470
25336177
132704
1962633
7234376
26916676
6671766
8292054
10105125
3405991
498304
425642
4055582
6409715
20565897
14634764
3853285
23866691
6747117
3168349
1627957
2797650
23667686
2084445
658904
232236
294270
425524
7082692
12246937
4356062
1101
5276
20087157
11802986
3289023
3488185
417375
1994687
20966582
2236900
1360010
1553916
10790688
7005369
22060383
611781
16416058
116683
6997378
2612610
2059591
12675263
8075315
620666
25090436
26424461
10344353
642922
66867
27797748
30122385
27528002
334056
3171301
927687
1291583
1475316
9079655
1322259
9146767
3320448
6820171
4156185
16151010
814727
143328
24709686
13729096
12633655
500198
8452244
28098310
13763303
2604859
3383805
104405
9294809
12809749
2947214
6771530
2575079
2437627
11684516
20955424
9622797
814450
33683045
9266112
1320231
26992054
4140681
7661994
486392
30698151
15134575
25304246
315834
2108856
11437489
8414991
13330958
1874964
9382445
12652347
17059517
700152
751216
32649766
12679083
20134818
14430694
13962296
73726
13318420
18859226
26566594
8416878
3481012
1562119
9135756
313861
22245135
7905675
20531089
201448
7375428
25256202
19489352
6352248
19114670
29755151
7223194
3264266
30329614
26545451
6323716
748073
10827021
14535746
799473
2857203
27876340
26390633
141549
431657
9876367
2306780
6367305
23052222
1267648
2776
15029969
13255747
3562949
6160263
12050278
3670216
22027804
27327021
19549626
408185
4741575
34498660
1421223
32042621
35271215
1647216
4985996
22604403
592232
18242209
14322824
13204827
8327
1396558
25580185
3736616
17032789
4141242
8597508
1738633
1577804
35905757
22973535
1894427
7403605
17561885
6075139
1420135
30156838
34396410
229893
351067
11533705
5063377
7732998
8631072
2026487
16174624
122879
234782
4408538
10800937
249118
21440234
2334478
761438
62173
1328102
36215251
3800384
1776206
12444300
2964525
5571894
23489661
11961200
13527645
10085535
26541399
168050
7561871
4469745
275085
26633150
6865292
6877430
324879
27669608
17042756
31925701
12002659
23920239
20948673
778877
37425897
14082
2113809
1688749
1541475
8580411
8556068
16595076
1978392
7237
14049864
5114293
491483
600312
317000
24376417
8446208
1289888
328771
25359964
8624405
3685300
10066044
6318579
89595
3260765
8596630
1381545
4541764
2251463
4771359
872665
736288
9279344
9153331
4026341
16409654
38308319
5050136
405170
32503113
1613567
26849519
3774761
3743849
10532172
920713
28588868
128860
7979376
4528719
2412068
26316873
16703361
1533649
24751084
15570762
23258726
22223503
1816185
31767696
898360
3747261
39319690
24397721
208845
6250993
113008
26253404
14924348
2741855
19193
2263882
8893867
7886667
3254845
12246
13086801
34724862
11558155
18373624
27015392
3797626
367877
37658773
883968
12119403
4691831
404725
33749667
5293668
6640131
9574235
477009
11463305
461760
12148365
20544789
4779837
12113950
6799052
558997
14353683
330296
11272072
11583865
2829782
8154669
11644473
6441614
6400608
3295
3426875
30074205
8220346
7875104
35600799
26480852
13553262
20107291
5440459
11356928
36294653
220178
1743979
12531970
4809935
16694439
1437784
7874421
36514186
35993871
915669
6372029
19264165
7193530
40124033
30110111
1872628
25434317
2395955
7498477
22782808
34340303
9877016
16238720
9550310
18447114
6256146
33941949
43742169
50903801
33307722
15902466
5488512
2132008
31470014
20452702
622863
15216386
11130175
35692413
25579001
17819768
12713781
4838429
8578857
27218150
927587
40830058
654577
17171367
13545114
1711602
25978239
25526041
9140181
8391062
24047117
26023642
4429452
424144
3793492
208279
1268976
39750838
6383587
46056621
5171671
37411615
30617291
35087690
34829621
23669768
40255431
7178631
22570507
7561134
8020903
28724421
3120215
301303
130492
617269
44109050
1709381
57104829
832052
7966
26348448
36974706
18334091
6655514
2626357
655181
50621949
53898123
27363163
1755036
7187923
90948
8183328
19999888
19584552
40899535
55354207
6648572
21480398
5780488
3045312
19834509
51366585
4473295
26468955
16150660
6714138
1340261
7071284
8806565
12526468
16327591
39277655
583347
34542990
13834460
16450
7610610
22242251
5614276
14506388
14075053
32263738
15022220
4851929
12933837
15088496
60439599
10346417
10782016
1532165
13670511
635904
3766207
32283167
5798753
293995
482256
917355
586238
466272
11336264
1444421
27565181
11270783
65602425
7145281
32199619
7723672
21348974
15010800
40906353
4223929
37946996
16068009
16371846
2276820
21594166
65181698
4184067
51997167
819554
57188635
72209046
56120460
31604158
469955
546195
33650213
2202523
1365205
43998053
8635201
3803107
10489678
8249930
32130238
17959451
25964988
244069
14308645
15845376
18625797
7096716
8539455
13271971
15635520
3761717
2735222
25236956
35616031
20106208
14554185
4082829
928334
5553
37478304
1658200
4209102
20872515
39252716
43222001
26458588
24798659
5211596
108914
8676438
2503205
10900408
3657810
26540717
1756707
4019043
7076596
12537942
384762
3998654
3519797
1306036
69604
4555701
10285113
2028354
67510481
2854676
9072606
33057469
2733216
197098
13553979
10089195
878809
3649265
14140530
19463999
6231285
267908
6534506
1468114
2131054
123372
34180775
72255141
63916770
20690591
30579025
2197279
1292531
7532808
48967119
59102637
13200496
47282853
72309892
32037172
77545560
14981597
33546017
22014235
47699114
3893802
521915
11988071
53642224
13230603
679464
6590540
8697041
78701270
4186467
13896180
5836921
11435436
903988
79425621
20325715
8165858
40773405
2660863
19147512
40243753
78037071
1572960
3069809
9667641
8163245
14956441
11726396
79546706
49302269
7887553
29288021
32252650
3579852
74461290
2543009
381932
28131092
2107555
21979075
18655856
31678446
30135163
5610543
7490007
36146617
25960751
13814465
653768
26294240
326725
4786663
112428
18782468
40203536
2088613
89641137
11086015
919244
11955319
14445166
80699
7774837
15424501
19246885
37854246
12339755
6516668
250417
10139794
89476626
18154668
4632044
10645492
14427998
6226815
88559094
50139973
1999455
3788422
11616487
2212374
2702883
10521580
2075686
15438094
592893
11938498
42924
1462399
917629
92669969
1603794
40241960
40217
2892346
183295
88162123
32273059
13573106
5329689
35359510
3046429
3401
26159702
14504747
38321695
16198316
13131076
2529066
15834498
34061838
92419794
5871254
40480512
4986118
5029270
22119172
100302
57048017
15262087
13166136
93841264
4277009
117693
7310
2403047
66899685
2826981
74549
337006
32617493
8775742
18472687
28303585
24430712
8566496
3689839
23080377
2451764
283052
5755039
96785664
16834867
10494755
888225
49472817
35012692
36321745
64619166
6673813
25977163
16147421
2693033
17687444
8798389
379104
99157282
393398
57628317
12982802
18075990
2143138
7071937
47794481
15967711
7068725
48511784
95465260
2782519
6575218
4747323
870832
43971065
17608341
4782929
4551532
26107681
51766
96868400
99422242
68137966
40760761
1967097
21125141
3211481
20165629
846318
38947558
30834225
9824454
91515047
9015896
6501408
4832669
8062692
5123638
97249841
310662
1328260
88681480
575629
12367380
3379951
61280193
25870294
3739909
34646754
19461748
211043
2072112
825967
5402975
8290465
39067817
734142
259333
58852835
11601234
767873
104891990
6335890
322219
2699695
10712447
2381918
21564245
2742017
11264229
7975149
138252
65534411
8892937
1354460
28610527
64286816
17919704
107276324
2967374
585578
2089371
18202105
107510097
3332839
27827511
534608
32531932
27452577
8825838
2986310
63059879
7272910
18496035
4929818
26126253
28814352
11523772
89093979
37623023
28783832
14498110
43619319
122603795
107705704
288239
3101023
1945506
837470
4093899
577057
35391460
432504
34096563
7679753
66072698
13240223
549223
40010247
8497684
35364728
3101867
206802
890489
477132
908383
14025362
395
5311645
16693558
12631894
1440269
12618407
2529592
19277035
23793390
21137677
25907076
2455953
702948
276165
31687648
11515454
15251046
8964628
22195929
2042107
12373548
4555022
4919216
3541007
1370749
14939580
35003286
1806110
44798724
173940492
2531290
